Route 1: 3 11 6 2 1 99

Route 2: 17 5 10 35 36 4 34 67 39

Route 3: 93 181 18 8 186 127 7 117 49 82 84

Route 4: 32 12 13 33 9 144 53

Route 5: 20 41 27 154 24 14 29 15 59 28 19

Route 6: 21 23 75 22 151 16 140 111 63 56

Route 7: 30 48 26 31 25 37 81 138 183

Route 8: 62 102 38 40 89 79 52 42 123 109

Route 9: 45 44 58 43 77 87 92 133

Route 10: 57 60 72 46 61 100 64 74

Route 11: 76 68 50 47 65 51 94 136 86 124 91

Route 12: 55 83 54 104 71 106 95 108

Route 13: 73 66 80 85 69 70

Route 14: 113 155 78 116 115 90 107

Route 15: 131 88 114 97 96 105

Route 16: 101 118 143 126 98 130

Route 17: 147 103 112 122 139 110 162 172 179

Route 18: 120 119 166 125 121 165

Route 19: 164 129 128 167 158 175

Route 20: 170 134 152 146 132 185 157 142 135 137

Route 21: 148 171 160 141 145 163 149

Route 22: 159 150 153 200 174 189

Route 23: 161 156 168 169

Route 24: 177 173 176

Route 25: 178 180 191 188

Route 26: 190 182 184 199 187

Route 27: 192 196 194 195 198

Route 28: 193

Route 29: 197

Vehicles: 29

Distance: 8040.43

