Route 1: 1 2 16 8 98 6 23 22 29 10 24

Route 2: 4 36 3 5 14 25 79 11 28 27

Route 3: 7 18 35 12 19 95 114 37 9

Route 4: 13 20 48 21 53 17 40 42 59

Route 5: 46 15 71 54 125 56 33 129 141 43 70

Route 6: 44 26 123 139 76 31 156 126 78 148

Route 7: 87 73 30 34 38 62 32 39 47 74 83 52 45

Route 8: 55 41 68 80 64 116 49 61 75

Route 9: 81 51 50 86 66 69 124 134 154 119

Route 10: 57 163 100 104 84 58 65 82 77 110 108

Route 11: 132 63 67 152 60 99 136 90 118 88 183 102

Route 12: 72 147 93 199 135 133 195 109 144 179 107 91

Route 13: 106 85 94 89 151 178 164 96 174 97

Route 14: 140 112 92 143 113 122 103 101 111 105

Route 15: 145 161 115 162 146 121 138 127 128

Route 16: 155 117 131 130 160 180

Route 17: 149 120 150 137 176 165 142 159

Route 18: 157 188 184 153 166 193 167 186 190

Route 19: 158 182 172 197

Route 20: 168 187 171 185 169 170 200

Route 21: 173 175 177 198

Route 22: 181 192

Route 23: 189 191

Route 24: 196 194

Vehicles: 24

Distance: 7118.33

