Route 1: 10 4 5 2 195 14 12 18 1 9 3

Route 2: 6 7 11 15 16 8 13 19 318 20 24 116

Route 3: 51 30 53 21 36 17 40 28 25 27

Route 4: 98 31 34 33 26 37 32 22 41 38 42

Route 5: 44 35 48 39 46 29 55 196 23 45 47 43 54

Route 6: 63 70 68 59 52 117 79 194 50 49

Route 7: 58 62 60 57 82 69 66 102 74 56 75 61 71

Route 8: 178 253 64 80 83 93 101 124 88 85 94 84 76

Route 9: 67 77 65 97 121 125 78 106 138

Route 10: 72 127 114 99 139 81 113 73 163 86

Route 11: 118 156 87 151 110 103 143 89 181 180 91

Route 12: 90 109 120 112 128 92 95 119 100 96 107 104

Route 13: 108 140 149 123 248 115 105 111 122 129 132 141 136 133

Route 14: 170 161 131 173 134 126 135 152 147 176 177 168

Route 15: 155 171 162 142 146 160 130 186 137 183

Route 16: 164 169 150 166 145 175 148 144 373 159 185

Route 17: 193 182 179 165 157 158 154 191 153 167

Route 18: 190 172 188 203 174 197 209 206 202 200 198 205

Route 19: 187 207 192 211 184 189 239 214 210 208 212

Route 20: 216 218 204 229 201 199 213 224 220 252

Route 21: 226 219 221 217 215 225 222 223 235

Route 22: 236 230 233 228 227 231 237 265 232

Route 23: 245 243 240 238 244 234 241 242

Route 24: 247 246 277 271 251 276 259 286 249 270 293 250

Route 25: 258 260 310 267 273 255 254 257 266 256

Route 26: 281 278 263 262 269 280 261 279 283 275 268 285 274 282

Route 27: 323 290 326 296 264 308 306 300 319 311

Route 28: 291 288 287 289 284 313 314 331 272 355 298

Route 29: 292 303 316 330 339 342 297 322 325 317 324

Route 30: 357 315 367 309 294 301 321 333 295 320 312 302

Route 31: 304 332 334 329 307 327 305 299 336 340 335

Route 32: 328 352 350 361 338 362 344 337 348 351 358 341

Route 33: 343 392 381 349 346 345 347 359 353 354

Route 34: 363 360 386 368 366 374 365 356 371 364 369 376

Route 35: 375 388 379 378 393 385 370

Route 36: 377 380 387 400 391 382 372 390 396 383 397 395

Route 37: 389 394 399 398 384

Vehicles: 37

Distance: 18082.14

