Route 1: 1 2 3 14 4 134 180

Route 2: 6 7 5 9 8 12 32 24 11

Route 3: 18 13 15 17 10 23 43 80 83

Route 4: 20 19 16 25 41 27 70

Route 5: 28 22 21 26 46 85 64

Route 6: 59 30 36 29 39 37 108 81

Route 7: 42 33 31 35 34

Route 8: 44 52 45 40 38 182 270

Route 9: 47 50 55 58 49 48 62 113

Route 10: 57 53 56 51 79 97 54

Route 11: 61 69 63 60 67 78 123 114 168

Route 12: 71 68 72 65 82 74 66

Route 13: 75 73 76 137 77 251

Route 14: 87 86 84 94 95 93

Route 15: 90 98 89 88 160 110 277 265

Route 16: 111 99 96 92 91 100 102 423

Route 17: 154 103 101 105 106 186 118

Route 18: 109 107 104 120 112 125 356 124 234

Route 19: 117 116 115 133 121 194

Route 20: 142 127 119 126 122 187 132 153 419

Route 21: 131 167 128 130 136 135 129 145 585

Route 22: 139 138 140 141 266 242

Route 23: 144 150 148 143 146 188

Route 24: 157 149 151 147 176 161 369 407

Route 25: 158 155 152 162 172 156 159 472

Route 26: 184 174 164 163 175 222 229 171 179

Route 27: 173 166 170 169 165 178 177 235

Route 28: 233 189 183 185 181 193 260 214 195

Route 29: 192 191 190 213 215 198 280

Route 30: 221 244 197 199 196 231 200 335 216 455

Route 31: 202 203 208 206 201 249 240 488 223

Route 32: 205 204 207 255 225 269

Route 33: 210 212 211 217 248 209 218

Route 34: 224 226 219 220 227 329

Route 35: 230 228 232 238 576

Route 36: 237 239 241 236 243 305 366 274 396 295

Route 37: 250 246 254 247 245 271 311

Route 38: 321 253 256 282 557 252 289

Route 39: 258 257 259 283 273 279 302

Route 40: 300 262 263 261 264 314 281 368

Route 41: 268 267 275 272 319 294 284

Route 42: 276 285 290 278 325 317

Route 43: 287 288 291 286 293

Route 44: 309 297 292 298 304 387 410 397 296

Route 45: 303 308 301 307 299 323 313

Route 46: 306 487 312 392

Route 47: 322 320 315 337 362 318 398 316 334

Route 48: 330 350 347 326 324 328 339 467

Route 49: 360 355 331 332 327 341 345

Route 50: 338 354 342 336 333 340

Route 51: 344 343 346 436 348

Route 52: 349 351 400 439 373 428 525

Route 53: 358 420 353 352 433 450 365 451

Route 54: 361 357 374 462 359 409

Route 55: 367 370 364 375 363 394 377 422 389

Route 56: 376 381 378 371 513 460 372 491 404

Route 57: 380 383 379 388 406 447 382 424 430

Route 58: 385 384 393 452 390 506 597

Route 59: 391 395 386 427 401 438 403 552 432

Route 60: 434 402 399 464

Route 61: 416 414 408 405 435 411 443 476

Route 62: 413 426 415 412 494 499 502 548

Route 63: 429 418 421 417 425

Route 64: 440 442 431 437 466 445 511

Route 65: 444 441 448 446 541 454

Route 66: 453 449 456 530 567 583

Route 67: 458 459 463 457 535 515 553 544

Route 68: 465 461 468 562

Route 69: 475 474 470 469 498 507 473 484

Route 70: 510 479 477 471 485 528 503 520

Route 71: 480 481 478 555 495 486

Route 72: 310 482 483 529

Route 73: 490 489 492 500 504 505 549

Route 74: 497 493 501 496 514 584

Route 75: 509 517 512 508 516

Route 76: 519 518 573

Route 77: 523 524 522 526 532

Route 78: 531 533 527 534 558 578 570

Route 79: 546 537 536 538 543

Route 80: 551 540 542 596 545 539 561 574

Route 81: 547 550 554 566

Route 82: 560 559 563 556

Route 83: 569 565 564 568

Route 84: 588 521 571 581 579

Route 85: 577 575 594 586 591

Route 86: 587 582 580 572

Route 87: 590 598 589

Route 88: 593 592 595 599

Route 89: 600

Vehicles: 89

Distance: 51992.12

