Route 1: 5 2 6 21 4 7 10 33 3 118 8 1

Route 2: 47 9 12 18 48 11 15 41 52 35 28

Route 3: 23 24 13 17 83 84 59 71 70 64 117 77 87

Route 4: 26 14 42 69 58 32 176 25 30 19 20 38 45 37

Route 5: 103 102 16 91 34 86 51 68 40 97 82 95 106

Route 6: 43 36 22 88 98 270 66 55 63 44

Route 7: 62 46 53 27 54 57 29 60 49 31

Route 8: 90 128 39 74 130 50 108 85 93 144 131 136

Route 9: 174 96 99 56 65 61 92 72 81 75 100

Route 10: 127 67 115 94 422 105 146 73 119 89 80 101 78 104 79

Route 11: 76 124 107 116 145 114 125 111 113 122 147 237 112

Route 12: 120 110 109 141 139 129 140 132 137 126 148

Route 13: 149 158 142 121 155 152 151 156 204 157 150 153

Route 14: 135 123 175 138 133 173 160 166 159 268 163 134 178

Route 15: 162 198 143 165 223 186 234 229 236 208 211

Route 16: 332 161 167 154 169 172 164 180 189 184 188 190 179

Route 17: 168 187 196 171 193 177 203 183 392 205 199

Route 18: 182 226 170 240 219 212 200 227 217 220 185

Route 19: 191 181 201 206 342 523 195 197 215 213 216 228

Route 20: 202 192 210 233 209 207 230 231

Route 21: 222 224 214 194 218 238 221 225 232 239 303 242 235

Route 22: 245 257 244 243 248 246 241 247 250 249

Route 23: 255 256 259 258 252 278 253 251 254

Route 24: 290 263 265 262 264 267 266 273 271 261 287 309 260

Route 25: 283 274 276 275 272 281 269 280 279 277 293

Route 26: 299 291 282 288 300 327 285 286 289

Route 27: 295 284 349 311 316 334 301 314 394 313

Route 28: 294 325 292 337 355 338 335 357 322 307 296 347 297

Route 29: 304 302 298 318 312 315 320 319 305 310 317 306 308 333

Route 30: 324 329 321 326 345 328 340 331 341

Route 31: 348 323 356 367 361 365 388 372 362 353 336

Route 32: 363 354 358 370 343 330 339 360 350 369 374 368 366

Route 33: 346 344 379 383 389 364 373 351 359 352

Route 34: 386 385 371 377 378 376 380 381 391

Route 35: 375 403 419 413 399 398 401 396 414 393 400 409

Route 36: 382 405 397 412 384 410 406 395 390

Route 37: 418 416 411 387 420 433 402 447 432 439 441

Route 38: 440 415 404 417 407 435 408 428 421 425

Route 39: 438 423 427 436 442 437 426 429 444 430 424 477 448

Route 40: 449 446 434 443 445 450 431 467 451 453

Route 41: 452 459 460 454 457 456 461 455 531 458

Route 42: 463 464 469 466 462 473 465 470 468

Route 43: 488 471 493 475 472 489 481 474 480

Route 44: 476 479 478 486 484 482 521 491 485 487

Route 45: 490 509 483 500 501 506 499 496 519 507 505

Route 46: 503 494 498 525 502 508 495

Route 47: 510 497 528 524 511 513 517 492

Route 48: 514 515 504 556 541 545 548 527 557 558 554

Route 49: 553 522 518 512 591 589 590 592 566 547

Route 50: 526 516 582 540 532 529 534 572 536 537 535

Route 51: 543 533 520 538 546 539 573 549 552 544

Route 52: 542 586 530 583 581 577 576 574 578 570 579

Route 53: 550 551

Route 54: 560 562 555 563 561 571 559 587 588 564

Route 55: 568 565 575 567 580 585 569 584

Route 56: 593 595 597 600 598 594

Route 57: 599 596

Vehicles: 57

Distance: 37941.55

