Route 1: 4 6 1 57 25 123 5 47 112 271 2 31 3

Route 2: 13 39 10 65 30 29 7 20 9 11 343

Route 3: 337 45 18 63 74 14 46 8 83 90 37 22

Route 4: 172 60 240 41 52 85 12 27 19 15 17 70

Route 5: 38 75 43 525 21 188 81 64 73 16 230 50

Route 6: 24 386 28 115 51 35 23 33 93 36 163 26

Route 7: 104 54 210 34 55 142 200 32 171 40 103

Route 8: 101 192 252 42 244 56 117 102 77 44 241 100 80

Route 9: 59 121 110 144 61 91 48 203 161 194

Route 10: 150 78 128 94 96 99 79 62 87 141 49

Route 11: 71 126 58 69 67 544 127 72 53 140

Route 12: 120 95 212 130 82 270 125 251 214 66 92 364

Route 13: 302 139 199 88 97 173 149 154 68 106

Route 14: 176 359 145 84 156 165 134 76 158 86 306 89

Route 15: 167 152 298 160 291 300 105 305 164 507 98 272

Route 16: 147 132 205 135 108 111 107 242 131 138 109 114

Route 17: 162 260 174 213 215 201 243 153 113

Route 18: 118 151 195 143 184 178 155 122 116 133

Route 19: 266 247 170 216 175 148 360 350 119 137 169 157 234

Route 20: 177 159 136 129 168 146 180 124

Route 21: 207 193 179 197 219 183 321 290 190 281 166

Route 22: 222 189 217 223 187 324 182 198 417 181 269

Route 23: 226 363 196 218 209 275 317 191 185 186

Route 24: 229 256 228 231 202 280 208 204 206 237

Route 25: 263 245 320 224 221 299 279 211 254 248

Route 26: 233 257 249 308 220 236 268 232 546 239

Route 27: 261 439 410 431 383 238 293 227 262 283 259 415 292 267 434

Route 28: 354 347 318 385 235 490 273 448 277 294 396 352 502

Route 29: 264 287 258 246 250 285 373 344 494 265

Route 30: 315 313 323 278 340 253 255 319 310 309

Route 31: 282 374 409 404 274 276 351 465 553 436

Route 32: 345 289 312 357 284 297 286 493 288

Route 33: 338 424 301 295 314 332 353 311

Route 34: 322 303 486 296 316 400 304 349 307 328

Route 35: 550 325 339 335 329 334 405 331

Route 36: 398 336 326 327 330 333 361 370 362

Route 37: 377 445 526 368 341 545 393 487 342 483

Route 38: 356 401 461 376 481 438 420 512 394 450 346 517 543 427 348

Route 39: 570 421 425 387 371 446 355 532 497

Route 40: 411 429 378 469 428 358 407 476 426 369

Route 41: 367 391 382 381 523 474 365 372 366 423

Route 42: 414 564 435 479 375 475 496 406 478

Route 43: 581 384 403 552 379 583 402 533 380 467 388

Route 44: 413 459 399 392 528 449 389 510 554 412

Route 45: 395 559 462 440 390 397 470

Route 46: 508 443 444 419 416 408 482 590 538

Route 47: 489 418 442 573 472 430 441 516 499 432

Route 48: 451 422 468 548 447 524 433 503 495

Route 49: 455 595 547 577 437 453 452 567 456

Route 50: 457 511 491 471 454 464 458 578 505

Route 51: 504 466 460 484 473 488 463

Route 52: 515 477 498 600 492 485 535 566

Route 53: 480 574 522 500 580 501 594

Route 54: 514 529 506 513 542 519 572 562 521

Route 55: 539 537 509 518 576 588 587

Route 56: 599 531 520 541 560

Route 57: 540 527 561 593

Route 58: 563 551 582 530 585 536 591 555 569 557

Route 59: 556 534 549

Route 60: 598 558 568 565 597 589 571 575

Route 61: 579 592

Route 62: 584 596 586 225

Vehicles: 62

Distance: 38639.19

