Route 1: 80 44 50 56 51 13 24 2 106 20 26 29 57 14 79 69 10 58 3 16 6 63 175 41 91 42 11 33 8 54 82 124 52 136 120 39 150 116 108 64 139 105 85 112 31 117 36 25 45 5 135 156 182 142 1 17 30 7 68 4 9 18 21 12 15

Route 2: 98 70 61 34 23 111 107 84 95 100 76 47 75 67 74 28 27 49 59 40 96 104 22 93 19 81 37 89 32 53 43 92 71 113 246 72 62 109 38 48 55 46 86 73 65 87 83 101 102 35 66

Route 3: 118 166 115 126 128 177 169 162 122 137 155 140 123 167 504 114 161 171 133 110 60 90 173 131 121 145 130 88 77 132 149 163 94 151 97 160 127 78 159 158 125 144 99 129 138 103 141 148 119

Route 4: 209 185 165 253 220 295 198 279 213 237 252 206 281 231 143 257 290 264 181 205 261 228 184 216 174 291 179 210 233 168 170 146 134 178 164 153 157 152 299 180 186 187 192 147 196 207 225 172 238 217 277 199 232

Route 5: 275 344 345 260 283 236 329 320 309 321 242 247 284 312 325 287 262 250 241 294 316 274 214 272 226 240 183 234 385 338 230 191 194 219 208 200 263 285 343 176 251 270 245 204 203 346 223 288 342 331 322 195 212 154 334 327 328 292 300 315 248

Route 6: 319 304 301 282 298 314 197 267 268 224 218 229 271 302 215 221 276 278 256 211 193 201 255 265 259 227 190 235 239 189 332 317 293 406 243 269 280 188 266 222 202 318 305 273 254 324 286 323 249 289 297 311 258 244 308 307 333 306 296

Route 7: 439 421 438 482 470 417 370 446 445 341 400 354 464 411 397 434 336 390 398 450 348 363 330 432 423 326 303 404 435 441 403 408 420 414 418 339 388 372 391 347 382 367 352 380 413 452 431 415 416 401 447 429 425 310 365 369 353 430 364

Route 8: 426 349 424 454 440 384 337 366 350 394 396 374 355 356 422 361 357 313 448 405 526 375 362 360 442 376 389 437 402 381 409 351 371 407 378 444 410 427 335 373 340 358 379 393 399 387 392 477 386 383 368 359 412 377 419 395

Route 9: 495 480 457 459 461 486 456 469 483 498 501 489 586 466 474 462 473 497 506 491 496 460 508 443 484 494 492 502 468 433 499 472 503 475 436 478 471 428 500 449 476 505 481 479 455 487 488 463 493 451 458 467 453

Route 10: 547 532 513 554 544 521 520 531 509 541 515 592 566 594 563 600 510 582 585 517 569 561 562 588 573 572 538 514 578 545 511 524 597 589 587 490 507 564 525 519 512 518 485 465

Route 11: 548 539 527 550 549 528 565 574 568 534 558 560 576 523 529 543 533 553 551 530 522 557 535 570 580 583 555 556 516 595 593 542 536 546 540 559 552 537

Route 12: 596 571 599 584 581 575 579 590 591 577 567 598

Vehicles: 12

Distance: 24094.52

