Route 1: 39 46 10 14 21 6 5 81 27 51 74 2 54 1 60 17 96 9 55 4 22 57 16 3 28

Route 2: 34 37 25 63 19 70 24 168 192 61 8 7 47 48 71 77 98 43 66 33 279 247 239 328 95

Route 3: 26 13 40 31 12 18 49 134 30 221 11 32 15 62 36 42 73 72 23 20 29 141 75 167

Route 4: 58 52 35 56 38 64 67 123 59 153 121 125 69 68 65 76 44 45 50 86 53 41 89 129 127

Route 5: 116 79 87 80 78 143 82 111 97 109 140 115 90 88 119 234 84 100 114 101 122 93 102 108

Route 6: 99 106 132 83 94 92 105 104 91 215 136 103 112 85 160 165 225 180 107 177 305 238

Route 7: 199 188 161 171 200 151 113 110 150 117 146 297 126 133 120 256 170 144 163 131 139 228 118

Route 8: 169 182 142 135 137 124 178 155 145 128 181 175 302 174 179 157 190 193 206 156 147 130 158 481 138

Route 9: 203 280 162 194 205 152 149 154 227 237 245 148 201 202 172 268 270 159 242 189 224 166

Route 10: 331 207 195 287 243 272 173 186 164 249 184 308 213 294 257 183 185 187 214 191 219 231 286 463 491 437 509 307

Route 11: 261 223 209 208 222 196 176 220 212 211 218 204 197 198 216 217 262 236 330 336 343 360 446 515 514 564

Route 12: 559 469 295 210 260 293 229 226 240 248 230 258 246 233 292 244 232 275 235 263 478 453 264

Route 13: 301 296 290 251 267 259 250 265 269 273 318 241 276 277 364 396 285 363 400 465 546 372 544

Route 14: 309 283 253 271 282 288 274 252 281 266 255 299 319 310 298 315 289 306 420 350 416 254

Route 15: 312 340 382 332 381 323 304 291 313 356 314 311 303 284 278 300 365 334 442 415 341 339

Route 16: 327 333 357 352 358 346 335 342 320 316 329 321 367 355 359 338 368 326 380 344 390 317 379 388 324 325 322

Route 17: 376 366 383 414 347 474 362 337 351 375 501 345 370 361 349 353 385 348 378 417 373 354 422 408

Route 18: 464 412 404 470 384 399 425 409 389 410 369 374 371 445 451 429 460 485 503 377 457 468 545 526

Route 19: 461 440 441 397 394 411 406 402 423 462 387 393 395 413 391 386 443 392 492

Route 20: 431 436 430 426 418 480 563 483 433 401 427 405 432 435 438 403 398 407 444

Route 21: 472 494 448 488 428 439 447 450 452 449 434 421 466 419 424 458 495 535 529 516 551 569

Route 22: 489 493 471 455 467 454 459 521 597 575 476 456 497 490 571 556 561

Route 23: 511 517 498 496 482 473 487 486 525 502 484 477 513 475 479 584

Route 24: 522 518 507 500 499 506 519 520 504 510 541 524 512 505 578 530 508 560

Route 25: 542 562 547 532 536 534 523 528 531 527 576 583 580 595 552 579 567 565

Route 26: 594 550 590 533 539 538 555 588 577 537 540

Route 27: 554 553 573 558 591 566 572 570 548 549 543 574 557 581 568 589 596

Route 28: 598 599 586 585 582

Route 29: 593 592 587 600

Vehicles: 29

Distance: 36386.83

