Route 1: 193 2 241 9 8 726 1 7 29 10 5 4 11 3

Route 2: 71 13 6 46 57 43 42 41 12 48

Route 3: 32 14 26 78 30 68 65 18 137 38 351

Route 4: 15 17 22 33 153 16 19 23 595 37

Route 5: 60 28 47 100 20 25 136 49 24

Route 6: 36 84 21 125 58 90 44 56 87 66 62 92

Route 7: 52 110 27 524 121 248 259 266 83 219 656 249 254

Route 8: 82 45 31 198 124 86 97 53 81 34 134 116 147 149 133

Route 9: 216 35 51 72 183 143 180 115 80 98 240 63

Route 10: 130 161 40 103 39 201 276 234 385 118 91 278

Route 11: 55 50 61 77 123 104 117 119 85 74 79 154 213

Route 12: 368 156 105 142 94 54 203 274 297

Route 13: 73 89 59 101 109 112 113 630 126 64 102

Route 14: 230 67 281 222 70 512 106 352 799 401 268 111

Route 15: 76 93 114 75 95 69 212 273 186 108 155 152 146

Route 16: 99 132 168 185 128 88 253 158 177 169

Route 17: 446 420 394 521 614 529 96 568 365

Route 18: 120 138 202 107 174 173 658 178 205 189

Route 19: 141 122 127 170 144 171 322 290 148 131 139 164 150

Route 20: 191 163 129 195 196 200 181 246 242 221 370 244 199

Route 21: 175 145 162 135 214 188 255 414 232 172 160 236

Route 22: 287 238 140 282 257 307 294 313 277 224 250 167 264

Route 23: 165 151 425 265 299 415 157 501 304 320 314 301

Route 24: 159 166 574 225 680 176 367

Route 25: 197 179 252 261 256 194 373

Route 26: 229 270 184 228 182 289 263 215 293 292 210

Route 27: 187 208 218 300 405 206 361 280 285 378 217 399 209

Route 28: 190 233 192 204 245 226 657 275 260 262

Route 29: 316 406 207 324 363 429 295 481 269

Route 30: 713 288 746 720 227 590 310 211 733 567 541

Route 31: 223 231 220 296 403 308 490 258 306 332 305

Route 32: 271 272 235 342 353 327 341 396

Route 33: 247 237 312 362 302 321 267 283 317 251 336 239

Route 34: 279 311 243 438 330 343 449 388 284 286

Route 35: 459 442 376 291 455 462 298 423 334 491 573

Route 36: 356 309 303 344 519 625 434 460 445 461 413 358

Route 37: 349 331 346 315 326 328 348 465 430 380

Route 38: 319 350 318 383 371 329 382 339

Route 39: 360 548 669 323 563 727 513 379 335 392

Route 40: 364 345 325 347 357 333 355 366 457

Route 41: 354 411 337 440 422 433 372 510 395 359

Route 42: 439 435 409 338 649 448 531 699 418 464 564 468

Route 43: 450 463 441 369 400 340 538 404 497 387 553 416

Route 44: 391 374 397 566 402 377 384 417 426 381 410 437

Route 45: 480 398 375 475 469 444 407 738 427 431 452 412

Route 46: 432 509 532 386 546 489 522 534

Route 47: 393 458 504 389 478 488 498 550 659 552 390

Route 48: 436 503 454 424 451 408 467 502 676 486

Route 49: 790 419 479 603 482

Route 50: 443 549 421 581 511 565 712 619 477

Route 51: 472 584 591 492 708 428 496 483 500 748

Route 52: 516 466 453 447 608 561 476 635 637 456

Route 53: 470 530 499 578 514 593 536 594 535 523

Route 54: 674 471 679 725 677 638 735 618 667 696 777

Route 55: 474 645 473 723 555 632 572 663 495

Route 56: 484 610 485 690

Route 57: 528 575 600 487 571 783 782 634

Route 58: 506 533 526 493 691 703 569

Route 59: 515 540 558 494 518

Route 60: 570 505 588 517 665 597 607 670 675 737

Route 61: 507 543

Route 62: 562 520 508 551 617 596 559 539 592 605

Route 63: 542 525 666 633 639 660 662 644

Route 64: 547 577 527 789 580 583

Route 65: 646 576 681 537 599 740 602

Route 66: 545 544 606 705 698 621 642 556

Route 67: 692 652 554 586 776 785 694 684 682 640 731 784

Route 68: 697 582 689 557 716 788 794 626 653 745

Route 69: 609 560 579 615 769 636 673 773

Route 70: 616 685 781 620 585 604 719

Route 71: 648 612 587 647 622 688 693 654 601 643 611 655

Route 72: 758 589 715 623 687 778

Route 73: 736 744 631 683 598

Route 74: 704 627 613 718 753 792 629 624 628 714

Route 75: 671 641 650 664 762 771

Route 76: 702 724 651 695 741 743 729 711 678 734 751

Route 77: 661

Route 78: 668 747 672 749 754 750 767 770 721 709

Route 79: 706 686 800 757

Route 80: 707 722 700 786 797 739 761

Route 81: 710 728 701

Route 82: 755 717 742 763

Route 83: 766 760 730

Route 84: 774 732 775 795

Route 85: 764 752

Route 86: 772 793 759 756

Route 87: 765 768 780 787 779

Route 88: 791

Route 89: 798 796

Vehicles: 89

Distance: 47380.71

