Route 1: 6 3 2 55 52 60 58 41 54 44 35 20 46 11 10 4 7 14 8 5 9 13 1 15

Route 2: 16 29 21 28 19 25 26 18 30 33 17 22 27 36 31 34 61 62 64 12 43 32 23 24 51

Route 3: 37 45 38 99 81 86 96 91 50 53 83 88 89 40 120 72 79 42 65 63 39 94 68 71 75

Route 4: 92 70 73 85 47 69 57 76 56 84 93 97 98 90 80 59 115 101 48 49 67 77 78 74 66

Route 5: 87 100 118 133 158 141 184 192 197 125 119 128 111 143 148 171 131 124 123 157 137 117 165 82 110 95 103 139

Route 6: 108 106 104 112 102 113 122 105 114 107 224 152 149 212 169 209 229 227 190 140 206 218 226 214

Route 7: 116 147 132 136 121 150 156 138 134 146 127 109 255 225 256 258 270 262 234 264 233 271 273 241 249

Route 8: 135 145 163 215 196 188 162 251 161 129 126 130 166 172 357 151 325 159 348 230 242 250 168 244 240 245 191

Route 9: 307 164 179 202 181 167 176 160 155 154 142 266 252 261 298 292 319 309 316 253 305 144 173 170 177 174 153

Route 10: 235 232 228 267 203 195 175 189 194 208 187 204 178 183 217 219 231 210 223 180 213 216 199 207 222 220 193 185

Route 11: 237 236 186 246 205 198 269 331 366 182 238 200 211 201 400 377 346 372 364 221 376 460 448 414 407

Route 12: 281 284 283 286 263 248 239 268 259 276 278 260 254 243 265 288 291 293 274 295 275 297 296 247

Route 13: 337 340 282 332 343 300 310 294 287 257 306 285 280 279 272 290 315 312 318 423 289 434 277 451

Route 14: 326 317 304 335 311 333 344 328 303 322 338 342 329 323 324 313 327 320 410 308 302 301 299 349 347

Route 15: 321 354 365 341 334 345 420 392 370 314 362 339 380 361 336 330 351 353 350 369 355 383 387 352

Route 16: 375 382 360 394 401 367 371 379 399 378 359 390 381 374 386 389 358 373 356 402 391 395 388 363 368

Route 17: 505 398 403 384 415 413 422 428 433 442 439 435 419 458 421 447 446 406 440 457 385 393 405

Route 18: 408 466 404 396 411 430 416 418 412 409 425 417 397 444 424 431 504 489 483 486 477

Route 19: 427 426 496 429 441 456 540 437 470 459 461 463 449 462 432 455 443 450 438 453 469 452 454

Route 20: 445 436 464 480 467 506 512 488 508 507 498 499 516 472 475 471 468 478 482 465 485 473 474 481 479

Route 21: 572 538 559 520 575 553 519 563 535 476 484 493 494 509 491 500 514 522 524 502 487 501 490

Route 22: 517 518 523 529 532 527 531 528 510 534 495 513 497 511 503 492 555 530 544 554 521 526 515 543 533 525

Route 23: 595 720 597 590 603 625 608 596 588 580 551 587 561 560 552 541 581 546 547 537 564 562 550 536 545 542 558 539

Route 24: 607 592 622 566 567 556 578 565 598 614 602 600 573 585 620 593 606 574 549 571 569 647 746 591 548 586 577

Route 25: 604 589 594 657 670 636 668 582 601 609 612 621 626 635 584 638 568 570 557 613 677 691 669 616 619 686 576

Route 26: 630 656 664 692 628 671 646 642 681 648 695 700 605 643 623 634 631 599 583 579 633 645 666 724 777 617 615

Route 27: 661 618 611 679 688 659 641 667 653 644 660 682 610 662 627 629 710 709 707 650 632 640 624 639 637

Route 28: 652 714 678 689 649 674 655 705 663 673 685 694 693 698 651 706 711 654 715 658 696 680 672 699

Route 29: 778 702 725 722 712 704 723 701 683 675 697 687 665 703 708 750 731 730 684 775 762 717 738 676 796

Route 30: 747 729 726 728 735 733 748 727 732 737 742 743 741 690 719 721 718 713 772 716

Route 31: 754 744 755 753 740 774 786 749 756 770 752 766 734 745 765 763 768 773 791 736 739 767

Route 32: 771 769 776 797 792 789 761 760 764 757 758 759 751 781

Route 33: 780 794 788 785 779 782 799

Route 34: 784 798 790 783 793 800 795

Route 35: 787

Vehicles: 35

Distance: 49771.90

