Route 1: 73 236 3 52 120 67 42 7 60 129 2 163 35 51 72 12 106 27 127 196 195 136 593 455 612 20 173 28 259 654 49 372 550 181 1 41 98 246 80 79 279 77 285 18 137 217 795 296 378 531 8 44 84 82

Route 2: 32 316 55 399 332 30 9 29 10 39 89 57 13 6 46 59 4 101 17 15 135 134 289 684 164 109 139 402 408 414 112 113 148 729 283 417 43 467 131 172 126 144 167 734 11 423 24 5 761 116 22 150 226

Route 3: 36 778 209 439 577 478 585 529 590 14 21 37 16 23 617 261 642 233 97 204 53 605 371 66 434 253 753 19 56 299 185 81 369 33 64 381 336 266 202 536 178 25 799 205 298 442 721 489 230 199 193

Route 4: 368 495 133 379 156 582 671 450 149 503 142 105 513 360 548 314 320 54 323 31 45 26 78 211 50 527 560 61 338 680 38 68 65 564 118 40 377 34 384 91 364 278

Route 5: 562 76 99 420 93 704 114 793 759 309 75 132 303 69 95 62 58 227 96 235 107 100 47 257 376 277 618 353 200 242 735 115 370 221 659 469 85 74 154 444 638 673 213 216 390 48 63

Route 6: 71 102 121 70 138 110 160 140 170 189 184 215 188 290 476 250 171 348 611 462 83 780 678 750 748 111

Route 7: 175 145 162 130 391 652 103 161 147 203 553 94 441 572 177 497 400 86 90 88 87 128 265 124 723 797 293 153 333 292 657 501 304 245 158 269 146 429 92 186 108 339 568 477

Route 8: 191 412 616 393 407 122 141 341 327 218 389 243 187 208 343 166 159 152 125 207 117 119 104 308 789 206 448 361 123 280 155 418 405 176 143 609 464 782 180 468 305 367 286

Route 9: 165 446 319 301 544 445 318 190 252 256 197 179 419 212 168 151 198 482 194 295 415 273 329 413 157 192 603 621 664 698 461 625 169

Route 10: 523 728 755 710 401 655 484 222 281 717 248 238 525 219 174 183 182 665 263 357 451 517 786 321 741 255 276 210

Route 11: 443 713 288 720 614 549 481 306 600 575 223 258 220 214 201 586 524 639 578 322 224 514 328 430 459 249 709 396

Route 12: 254 480 432 534 522 271 395 272 386 244 375 330 240 311 300 351 231 225 634 719 342 498 738 427 769 636 388 284 541 241 359

Route 13: 229 247 366 346 584 573 668 428 660 264 287 410 516 315 466 470 424 453 251 237 312 426 711 588 760 317 499 355 347 228 232 362 695 397 374 267 302 570 234 731 239 457

Route 14: 436 692 385 325 454 345 270 416 260 387 275 340 557 404 538 425 350 533 383 526 493 479 762 595 757 800 653 262 274 297 335 392

Route 15: 411 532 509 337 440 542 334 291 672 465 282 268 352 433 307 294 475 313 510 422 380

Route 16: 356 394 521 373 358 344 494 324 310 732 712 363 581 382 537 599 406 619 567 687 365

Route 17: 437 690 349 331 507 472 398 546 701 610 354 742 512 656 666 767 326 587 594 622 688 601 747 633 770 643 483 535 500

Route 18: 528 685 758 449 471 431 458 435 409 438 421 403 490 580 649 583 452 773

Route 19: 543 631 645 632 669 641 559 460 506 447 651 561 530 644 776 785 630 502 676 670 682 456 486

Route 20: 766 505 796 662 635 637 496 491 492 591 485 473 563 598 463 474 663

Route 21: 547 604 504 589 715 571 487 620 781 733 574 623 699 726 783 579 552 488 615

Route 22: 772 746 774 565 646 511 576 540 515 558 518 519 545 606 551 508 520 596 650 539 592 626 569 555 556 740 775 602

Route 23: 784 640 683 675 608 554 607 724 730 707 694 722 700 743 765 768 566 597

Route 24: 764 739 703 661 628 756 681 613 718 705 691 792 627 629 624 771 714

Route 25: 674 725 763 751 754 749 677 648 647 693 667 696 658 679

Route 26: 697 737 708 779 702 716 689 686 788 794 706 745

Route 27: 736 744 752 790 727

Route 28: 791 798 777 787

Vehicles: 28

Distance: 37023.03

