Route 1: 1 161 2 8 98 6 23 22 47 82 74 10

Route 2: 4 36 3 5 21 25 11 49 27

Route 3: 7 41 54 12 19 114 39 37 9

Route 4: 140 13 35 14 79 156 172 28 61

Route 5: 46 15 71 166 175 56 33 29 65 43 77 110

Route 6: 87 18 16 162 76 122 17 40 128 52

Route 7: 30 20 152 34 38 62 32 90 183 83 45 24

Route 8: 81 51 26 48 31 181 53 42 59

Route 9: 63 44 50 68 80 64 109 180 167 75

Route 10: 55 67 150 60 99 84 118 88 111 97

Route 11: 73 57 173 100 95 58 96 70 107

Route 12: 72 93 137 66 69 134 103 78

Route 13: 106 85 94 89 125 177 127 102 108

Route 14: 117 86 131 130 116 91

Route 15: 112 92 163 104 136 138 101 154 105

Route 16: 145 115 113 146 121 129 141 119

Route 17: 132 120 123 139 165 124 126 148 197

Route 18: 155 147 153 135 133 195 160 144 186 179 190

Route 19: 158 143 176 194 142 159 174

Route 20: 157 188 184 193 151 178 164 191

Route 21: 149 187 171 170 192 200

Route 22: 168 185 169

Route 23: 199 182

Route 24: 196 189 198

Vehicles: 24

Distance: 7074.30

