Route 1: 5 160 36 91

Route 2: 72 202 262 379 6 35 223

Route 3: 97 29 66 277 257 15

Route 4: 52 16 12 167 71 288 34 224 41

Route 5: 88 185 10 207 187 200 123 75 228

Route 6: 324 32 389 317 132 128 27

Route 7: 393 31 248 328 95 30 96

Route 8: 221 55 120 50 53 313 86

Route 9: 49 380 85 136 57 48 345 98 234

Route 10: 390 252 370 138 170 59 253

Route 11: 92 94 7 127 65 103 89 166 158 104

Route 12: 69 77 74 68 113 14 178 197

Route 13: 154 334 78 231 125 312

Route 14: 101 13 241

Route 15: 265 298 87 70 177 25

Route 16: 364 102 394 304 369 4 190

Route 17: 64 100 145 318 106 163

Route 18: 287 362 108 111 194 307

Route 19: 326 226 203 365 341 119 42

Route 20: 291 181 1 116 242 353

Route 21: 63 24 93 235 143 215 60 131 142

Route 22: 375 149 135 140 212 169 28 76

Route 23: 267 56 222 159 211 327

Route 24: 335 303 121 173 161 147 153 176 258

Route 25: 292 17 214 117 350 162 168 40 183 232

Route 26: 126 331 157 171 243 239 192 249

Route 27: 278 387 308 79

Route 28: 357 180 179 386 400 8 164

Route 29: 343 269 208 204 256 205 276

Route 30: 360 9 314 201 196 321

Route 31: 216 397 109 172 285 225 323 43 230

Route 32: 217 209 398 218 110 275 240

Route 33: 23 213 233 284 351 58

Route 34: 366 38 193 19 245 259 264

Route 35: 290 182 340 148 378 319 260

Route 36: 354 271 244 250

Route 37: 255 112 279 237 300

Route 38: 266 54 373 325 368 20

Route 39: 115 141 236 274 268 37

Route 40: 114 44 395 272 273 18 238

Route 41: 118 21 320 283 289 227

Route 42: 310 165 146 297 329

Route 43: 33 198 47 90 299 305

Route 44: 301 139 280 392 359 293 383 261

Route 45: 144 385 199 82 296 306 377 124

Route 46: 332 339 188 342 309 346 45

Route 47: 80 322 62 302 22 399 219 311

Route 48: 156 133 210 382 338 349 344 130 372

Route 49: 286 348 337 330 46 137 384

Route 50: 26 282 352 2 347 376

Route 51: 191 356 175

Route 52: 150 83 206 184 251 134

Route 53: 186 358 195 229 295 254 294

Route 54: 315 151 270 39 67 396 363 316 107

Route 55: 361 355 247 246 81 84

Route 56: 73 51 388 281 129 263 220 122

Route 57: 105 155 381 152 336

Route 58: 189 174 61 11 367 391

Route 59: 371 374 333 99 3

Vehicles: 59

Distance: 15235.94

