Route 1: 127 44 438 63 6 354 5 47 343 36 173 358 104 66 276 21 22 67 18 189 9 80 105 12 72 58 310 94 101 274 246 4 7 2 8 59 3 45 468 290 32 111 431 411 113 159 223 209 278 1

Route 2: 418 33 26 16 17 49 323 54 27 13 64 106 254 334 139 41 398 389 591 11 243 69 42 445 61 426 14 10 19 232 158 444 384 20 37 23 179 15 77 48 57 581 286 489 169 595 285 195 523 342 472 181 191 35

Route 3: 566 488 547 46 161 53 137 52 24 25 582 65 210 233 130 374 218 262 30 85 107 38 156 212 29 31 171 337 534 465 40 196 548 258 402 578 200 148 193 97 82 151 338 590 157 204 335 91 34 144 116 322 307 185 136

Route 4: 134 202 309 490 81 75 90 76 128 74 39 56 238 121 482 268 252 368 430 108 124 183 125 279 50 263 92 115 78 305 208 43 73 370 79

Route 5: 55 62 83 140 132 120 71 110 109 170 60 242 84 118 68 51 227 217 594 447 361 219 150 300 462 95 327 70 401 475 129 301 493 272 359 126 316 321 117 559 519 571 180 315 528 312 135 87

Route 6: 199 103 391 297 149 386 214 346 453 96 222 177 168 102 152 529 145 114 86 131 583 141 400 291 259 220 296 93 366 142 429 99 163 585

Route 7: 363 231 425 382 326 383 123 184 248 88 143 133 188 198 597 89 175 330 339 146 320 561 496 261 236 499 251 318 442 319 405 119 304 421 549 216 98 273 427 241

Route 8: 211 526 178 341 260 147 419 138 112 100 160 575 328 122 155 317 306 380 511 387 176 165 501 410 470 308 265 532 537 207 517 369 406 513 277 457

Route 9: 348 542 240 266 182 226 153 167 154 172 373 164 215 197 364 201 324 417 190 533 573

Route 10: 332 28 275 213 162 225 187 292 554 376 467 592 257 264 502 371 424 572 203 388 381 205 255

Route 11: 224 347 599 174 344 350 192 166 234 186 244 450 516 567 237 294 412 544 229 360 509 230 446

Route 12: 235 385 221 194 267 206 407 514 329 408 239 228

Route 13: 456 299 451 256 448 508 536 392 245 372 269 288 247 281 404 593 466 435 356 396 393 314 250 249 289

Route 14: 293 535 416 580 492 420 325 521 333 340 454 331 287 253 345 302 298 271 397 283 379 270

Route 15: 480 423 474 375 352 349 295 284 512 481 311 351 280 432 282 584 574 303

Route 16: 440 570 439 586 409 394 367 362 365 357 313 355 461 494 378 377 433 353 336

Route 17: 487 390 422 436 553 550 395

Route 18: 441 403 399 459 507

Route 19: 434 452 428 538 458 464 589 471 455 414 504 556 576 469 587 449 415 495

Route 20: 479 555 505 518 476 497 483 463 437 478 486 460 560

Route 21: 485 473 545 498 540 525 558 477 569

Route 22: 598 491 484 524 500

Route 23: 568 510 564 522 557 503 541 527 588

Route 24: 543 520 539 530 515 546 531

Route 25: 552 551 600 562 563 443

Route 26: 577 579

Route 27: 506 413 565

Route 28: 596

Vehicles: 28

Distance: 24157.86

