Route 1: 3 7 120 2 42 12 41 1 18 137 296 8

Route 2: 15 13 6 46 4 33 126 11 64 116 5

Route 3: 36 227 14 9 21 207 125 155 186 108 84

Route 4: 368 10 29 54 16 40 34 81 19 44

Route 5: 73 52 39 57 17 59 112 113 43 131 22 276

Route 6: 67 70 27 20 47 173 28 49 24 25

Route 7: 45 31 261 23 87 617 88 53 66 56 185 158 82

Route 8: 32 209 399 332 30 211 223 152 78 26 96 365

Route 9: 55 166 72 51 35 50 38 77 85 74 48 63

Route 10: 76 99 93 114 37 75 69 95 62 90 58 92

Route 11: 437 472 71 268 60 106 352 430 328 514 83 111

Route 12: 104 61 119 117 68 65 583 79 80 98 241

Route 13: 130 89 86 340 124 97 404 204 794 245 304 91 210

Route 14: 105 94 103 101 109 139 215 148 118 364

Route 15: 121 140 282 127 107 100 115 123 143 154 216

Route 16: 110 160 135 214 102 251 224 283 250 290 167 172 255

Route 17: 191 129 163 122 141 235 240 242 200 221 181 193

Route 18: 133 149 132 151 128 265 194 157 146

Route 19: 175 145 147 142 134 164 451 293 153 333 292 150 278

Route 20: 281 138 170 174 136 196 171 322 144 178 205 199

Route 21: 436 162 161 156 416 553 203 408 417 456

Route 22: 165 183 159 187 206 217 176 180 305 286

Route 23: 177 197 179 168 595 233 371 369 657 226 169

Route 24: 229 424 201 270 184 228 182 289 263 188 321

Route 25: 222 219 195 257 189 277 313 259 202 266 380 230

Route 26: 562 301 314 320 198 190 383 192

Route 27: 218 311 208 225 220 231 308 285 280 405 284 213

Route 28: 303 309 212 256 252 434 253 299 698 627 269

Route 29: 236 349 247 315 237 312 317 232 267 302 234 731 239

Route 30: 264 287 326 248 238 291 633 376 348 249

Route 31: 254 244 243 634 279 552 246 427 636 673 396

Route 32: 443 288 549 310 306 580 490 403 258 406 295 273

Route 33: 379 360 323 387 260 275 262 297 274

Route 34: 480 395 272 337 271 294 307 372 298 442 422

Route 35: 316 341 407 327 342 300 353 370 679 359

Route 36: 319 358 344 350 318 642 415 329 629 624

Route 37: 356 394 704 373 565 324 363 382 413 429 339 477

Route 38: 331 345 325 402 347 357 377 384 335

Route 39: 412 330 338 448 361 418 378 531 464 468 367

Route 40: 401 354 346 428 410 334 524 423 336 457

Route 41: 393 351 389 343 409 487 571 574 388 390

Route 42: 366 426 362 355 414 397 374 729 381 734

Route 43: 411 440 432 398 386 375 475 659 469 444 488

Route 44: 391 385 497 400 788 538 797 486 392

Route 45: 446 420 419 511 421 581 567 541 568

Route 46: 450 441 460 425 445 664 621 461 625 771

Route 47: 431 471 433 455 459 462 536 510 489

Route 48: 439 449 478 504 458 438 435 498 735 738 452

Route 49: 454 505 453 447 502 467 517 566 597

Route 50: 495 548 513 463 503 473 723 474 663

Route 51: 491 484 465 483 500

Route 52: 470 724 530 499 466 476 639 578 678 748

Route 53: 481 494 493 479 482 501

Route 54: 507 584 573 496 492 516 485 586 682 670

Route 55: 520 508 506 539 533 592 605 555

Route 56: 523 522 512 509 618 550 658 638

Route 57: 759 628 756 518 537 540 515 740 602

Route 58: 521 519 691 544 606 545 526 762 569

Route 59: 534 532 717 656 542 525 648 643 535

Route 60: 528 772 746 529 527 560 564 783 579 615

Route 61: 543 690 546 677

Route 62: 585 604 577 547 769 773

Route 63: 557 559 596 551 792 753 603 556

Route 64: 554 561 711 570 780 787

Route 65: 575 576 646 712 558 681 599 619 775 687

Route 66: 652 582 683 598 631 572 632 563 727

Route 67: 655 672 601 622 594 593 587 647 612 654 667 750 611

Route 68: 660 591 637 635 588 608 651 665 630 676

Route 69: 713 614 720 590 600 589 649 680 699 726 623 609

Route 70: 640 607 644 776 785

Route 71: 779 662 708 610 742

Route 72: 626 613

Route 73: 674 685 620 781 616

Route 74: 764 645 671 669 641 686 650 757 653 745

Route 75: 703 661 714

Route 76: 668 666 747 688 749 693 696 709 721

Route 77: 737 692 791 675 730 707 694 722 700 684 786

Route 78: 697 736 739 689 716 761

Route 79: 784 751 702 695 743 765 741

Route 80: 755 710 728 701 725

Route 81: 732 705 718 800 706

Route 82: 758 719 715 789 795 782

Route 83: 744 733

Route 84: 752

Route 85: 763 754 777 770 799

Route 86: 766 767 760 768

Route 87: 778 774 793 790

Route 88: 798 796

Vehicles: 88

Distance: 50451.63

