Route 1: 4 3 14 6 20 5 10 2 34 1 8 30

Route 2: 7 9 12 29 21 37 166 17 11 13 19 36

Route 3: 15 16 24 48 43 18 27 22 70 41

Route 4: 40 31 23 32 38 56 45 52 53 50 33 55

Route 5: 28 42 26 35 25 44 80 90 93 73 120 39 83

Route 6: 49 47 63 46 62 58 76 60 75 64 67

Route 7: 54 57 61 51 91 74 81 82

Route 8: 65 59 69 113 134 71 87 121 115 66

Route 9: 92 102 68 72 119 98 156 110 95 116

Route 10: 78 84 122 77 138 135 79 96 141 175 97

Route 11: 88 89 86 85 108 117 114 128 107

Route 12: 100 165 112 109 125 99 94 101 106

Route 13: 153 132 104 103 146

Route 14: 105 140 111 145 126 178 148

Route 15: 124 130 127 118 176 137 144 123 174

Route 16: 142 180 136 131 152 133 147 129 158 154

Route 17: 149 143 139 150

Route 18: 155 177 168 151 160 173 157

Route 19: 163 162 172 164 159 170 193

Route 20: 179 167 169 161 171 187

Route 21: 182 186 181 185

Route 22: 188 184 190 183 196 198

Route 23: 195 191 189 192 194

Route 24: 199 197 200

Vehicles: 24

Distance: 6824.20

