Route 1: 3 5 4 6 2 1 17

Route 2: 19 13 10 8 7 9 52 59

Route 3: 73 12 11 18 16 14 42 15 28 74

Route 4: 21 23 20 24 22 37 81 49 53

Route 5: 27 120 26 31 29 25 51 174 136 189

Route 6: 41 32 35 36 34 33 72 95 39

Route 7: 45 44 40 38 43 61 100 64 109

Route 8: 62 48 50 47 46 71 67 107

Route 9: 78 57 55 58 54 117 98 111 63 56

Route 10: 66 65 60 68 76 96 130

Route 11: 85 75 70 69 79 77 110 162

Route 12: 83 82 84 80 87 92 89 105 149

Route 13: 88 93 86 91 122 90 99

Route 14: 103 101 102 97 94 139

Route 15: 113 119 114 104 126 121 106 108

Route 16: 118 116 115 112 153 145 123

Route 17: 148 124 30 127 125 167 158

Route 18: 131 133 129 128 132 140 142 138 137

Route 19: 144 135 134 152 141 172 179

Route 20: 147 154 146 143 176 165 188

Route 21: 155 156 151 150 187 157

Route 22: 164 160 159 163 168 169

Route 23: 170 166 161 181 183

Route 24: 178 173 171 175 191

Route 25: 180 185 177 186 184 199

Route 26: 190 192 182 196 194 195 198

Route 27: 197 193 200

Vehicles: 27

Distance: 9970.08

