Route 1: 164 196 2 75 318 140 72 217 46 55 16 89 10 4 47 3 15 11 27 29 19 42 68 146 33 18 126 77 49 1 235 190 332 117 34 159 26 5 114 105 20 347 80 188 8

Route 2: 93 32 76 23 328 9 40 78 87 100 113 96 71 51 79 57 82 152 104 6 62 200 299 69 59 41 37 48 66 130 94 61 160 99 183 220 64 338 225 321 397 7 399 84 241 45 60 38 17 14 12

Route 3: 144 143 283 139 70 63 44 67 50 31 25 73 30 24 134 112 21 54 88 101 125 13 22 357 35 290 128 216 227 206 103 376 178 120 386 244 353 43 131 28 36 182

Route 4: 92 316 127 165 118 90 108 97 107 110 91 52 123 65 56 39 85 219 111 109 133 154 86 124 166 300 119 231 384 180 53 310 172 58

Route 5: 186 383 150 121 288 295 236 106 95 142 155 171 175 74 192 199 149 205 158 237 366 233 362 281 320 145 248 176 223 274 132 215 387 365 83 81 212 240 293 336 102 187 203 98 273

Route 6: 256 147 238 245 136 141 138 163 137 115 129 122 157 356 350 289 116 280 335 371 322 135 202

Route 7: 213 161 211 207 168 243 224 151 169 214 162 251 148 275 311 254 209 221 325 167 358 153 201

Route 8: 194 278 156 185 173 179 204 210 177 181 195 170 226 242 191 268 294 174 327 272 198 379 388 257 229 234 301 208 184

Route 9: 398 250 359 269 222 252 189 255 218 197 249 264 304 259 260 258 247 239 270 369 193 262

Route 10: 329 333 232 392 372 253 246 286 305 292 230 228 303 308 343

Route 11: 296 315 381 298 265 263 312 342 337 267 302 314 261 334 277 319 284

Route 12: 313 360 266 276 317 352 285 344 374 307 380 385 297 364 345 271 279 309 291

Route 13: 368 390 306 323 346 287 377 395 326 351 282 378 331

Route 14: 349 391 375 373 330 324 355 361 400 393

Route 15: 363 340 341 339 394 382 367 354 348 370

Route 16: 396 389

Vehicles: 16

Distance: 11641.27

