Route 1: 11 2 3 1 4 34 5 8 13 22

Route 2: 23 9 79 27 29 7 6 41 14 12 15

Route 3: 16 10 39 49 118 105 20 26 19 17 194

Route 4: 32 76 208 18 33 86 124 137 268 129 92

Route 5: 24 21 88 54 74 25 44 66 37 38 399 98 28

Route 6: 50 67 30 31 36 35 120 128 106 43 80 89 46

Route 7: 40 42 68 61 51 122 96 94 45 143

Route 8: 85 159 90 47 52 123 138 53 154 119 133 127 77

Route 9: 121 55 63 102 70 48 175 83 81 199 203 60 212

Route 10: 58 75 65 56 151 91 109 204 72 140

Route 11: 64 57 82 62 148 130 78 69 84 59 104

Route 12: 93 113 139 71 198 146 160 230 229 234 228 99

Route 13: 95 73 132 112 101 158 149 189 197 125 103 131

Route 14: 100 87 152 246 157 116 225 162 135 202 214

Route 15: 107 141 97 108 170 180 207 195 206 205

Route 16: 186 150 136 111 110 114 181 177 117 190 178 216 188 161

Route 17: 144 296 256 115 340 267 174 126

Route 18: 182 142 155 171 134 145 192 223 176 187

Route 19: 147 156 183 220 200 167 209 221 153 193 201

Route 20: 164 196 165 163 310 191 166 314 300 339 302 224 313

Route 21: 168 172 169 210 276 219 361 349

Route 22: 211 184 179 173 285 352 334 327 319 284

Route 23: 277 231 185 261 294 272 257 388 301 308

Route 24: 213 238 282 274 215 293 365 240 336 254

Route 25: 222 236 217 369 309 291 279 288 391

Route 26: 250 218 249 233 237 227 244 247 239 271 235 245

Route 27: 243 266 226 360 242 344 370 384 348

Route 28: 262 333 232 253 275 251 289 350 280 321 241 315

Route 29: 270 252 258 362 287 248 387 390 378 323 306 331 273

Route 30: 259 269 304 255 264 260 320 281 377 290 376

Route 31: 278 263 265 342 312 303 292 338 298 283

Route 32: 328 381 286 356 305 389 299 335 371 322

Route 33: 383 295 375 297 355 400 332

Route 34: 317 307 324 345 364 347 330 318

Route 35: 329 368 311 325 358

Route 36: 316 337 343 357

Route 37: 346 351 326 366 386 353 359 398

Route 38: 354 341 382 394 367 396 379

Route 39: 363

Route 40: 392 372 397

Route 41: 393 374 373 380 385

Route 42: 395

Vehicles: 42

Distance: 13096.50

