Route 1: 15 31 20 1 2 7 28 23 9 50 39 5 11 4 3 8 231 66 71 61 52 48 6 40 70 109

Route 2: 25 37 35 67 53 119 18 69 60 14 26 29 68 12 78 10 13 47 16 38 57 30 76 72 255 150

Route 3: 49 62 36 27 21 34 100 22 139 151 113 142 143 59 19 65 17 24 77 91 167 33 79 96 106 99

Route 4: 166 105 110 51 89 64 84 101 124 54 46 44 58 41 32 42 63 43 56 85 45 55 81 82

Route 5: 75 115 127 137 104 73 97 122 172 103 117 125 108 120 173 102 123 160 289 121 74 86 90 111 126

Route 6: 225 222 147 171 175 152 93 114 112 94 83 80 95 87 107 134 217 92 88 98

Route 7: 162 154 170 144 129 140 133 128 156 198 157 149 202 165 179 135 148 116 258 312 209 118 130 234 243 131 164 176

Route 8: 213 391 174 177 191 146 178 163 248 186 141 159 169 132 187 183 155 168 158 136 153 207 161 145 221 320 138 294

Route 9: 216 189 236 235 203 224 190 182 180 194 196 193 199 201 285 338 181 230 244 233 314 257 315 288 282

Route 10: 239 211 192 355 292 333 188 185 210 197 251 204 184 205 200 226 229 214 220 228 265 215 195 246

Route 11: 238 262 218 240 325 337 275 357 212 227 208 232 206 237 223 219 336 301 343 361 390 242

Route 12: 383 252 341 329 269 335 271 388 249 373 241 272 280 316 245 279 300 291 277 305 381 286 247 270

Route 13: 296 290 276 256 254 253 287 263 250 264 278 274 268 260 306 273 281 261 267 303 307 259 266 364 340 317

Route 14: 324 331 321 358 313 302 293 309 298 295 284 297 283 299 304 319 310 308 330 328 356 342 366 354 326 368 344 318

Route 15: 371 367 345 323 347 346 348 359 339 351 352 327 395 311 322 332 394 334 376 396 363

Route 16: 379 362 372 353 349 350 386 360 389 380 382 365 378

Route 17: 370 377 387 374 369 398 375 397 384 400 392

Route 18: 385 399 393

Vehicles: 18

Distance: 16383.50

