Route 1: 3 7 9 17 12 14 8 2 5 62 41 45 73 82 80 40 50 31 36 22 16 6 15 44 29 4 11 53 68 57 26 27 1 10 74 49 71 37 72 60 21 52 19 25 30 46 34 59 83 55 65 70 28

Route 2: 23 106 132 13 89 136 152 76 91 131 47 139 135 58 121 77 148 146 129 145 153 87 61 218 43 75 51 93 79 172 151 159 126 111 167 18 96 103 67 66 110 92 64 105 39 78 81 108 85 100 95 90 94 84 69

Route 3: 88 277 291 289 169 287 230 320 270 141 190 220 196 158 225 183 144 246 222 24 38 33 56 20 204 247 317 194 138 63 163 226 288 273 249 269 313 32 154 54 257 308 193 185 174 255 242 286 240 301 123 216 99 170 212 201 102 104 251 48 42 155 35

Route 4: 140 127 122 182 109 98 137 115 198 117 184 231 147 120 149 157 112 150 319 189 188 128 125 203 86 124 119 101 113 142 156 130 133 116 202 164 134 175 199 97 165 197 211 173 176 186 114 200 210 191 195 208 143 118 160 192 166 107 171

Route 5: 265 238 162 223 237 284 258 228 386 387 321 264 252 233 217 205 209 215 206 244 178 263 161 279 363 333 322 283 306 299 248 276 268 362 266 339 272 254 213 307 250 282 294 224 179 349 365 366 330

Route 6: 181 345 177 214 281 245 311 315 168 219 187 207 235 234 180 253 221 354 340 328 256 295 239 275 298 303 329 227 267 285 304 300 262 243 312 292 229 332 236 232 260 241 342 343 341 336 323 318 346 398

Route 7: 350 278 316 309 274 327 360 358 347 310 375 382 399 379 371 380 394 290 305 359 314 296 271 326 334 297 261 280 335 293 302 259

Route 8: 395 397 372 331 384 324 337 393 377 368 356 338 344 325 376 389 385 361

Route 9: 355 381 400 378 391 396 374 383 352 367 369 351 364 348 357 353 388 370 390 373 392

Vehicles: 9

Distance: 9940.30

