Route 1: 5 1 24 21 2 44 36 39

Route 2: 94 29 33 10 217 3 34 43 41 159

Route 3: 8 6 35 11 4 12 9 16 7 13

Route 4: 17 26 18 14 15 20 126 115

Route 5: 23 22 19 32 25 38 30 31 27 28

Route 6: 49 51 70 47 170 37

Route 7: 81 54 78 45 42 109 40 89 75 46

Route 8: 136 52 61 98 48 57 250 56 68 74 59

Route 9: 63 53 62 65 55 50 60 93 86 58 80 91

Route 10: 92 64 66 71 113 110 138 77 84 146

Route 11: 102 69 67 95 73 76 311 241

Route 12: 100 72 82 79 163 137 176 309 152

Route 13: 88 83 85 90 140 132 108 128 157 97

Route 14: 112 87 127 116 120 96 121 122 130 99

Route 15: 105 101 111 107 103 118 117 104 106

Route 16: 114 144 160 143 129 124 162 119 123 183 172

Route 17: 150 196 135 125 134 131 133 142 139

Route 18: 267 141 148 145 158 147 153 166 161 151

Route 19: 149 277 167 268 164 178 253 211 222 165

Route 20: 186 154 191 173 193 205 194 177 184 175

Route 21: 155 202 285 207 187 168 282 200 195 278

Route 22: 156 171 169 212 198 192 174 234 290 331

Route 23: 266 308 180 179 197 246 225 231 188 230 224 262 400 260

Route 24: 201 181 185 286

Route 25: 218 182 236 244 252 274 190 223 240 275 288

Route 26: 189 208 342 318 297 329

Route 27: 204 199 206 354

Route 28: 269 216 203 272 247 238 273 283 289 350 228 232

Route 29: 324 209 229 245 251 259 264 270 265

Route 30: 213 221 210 242 219 237 255 257 300

Route 31: 292 226 214 227 215 320 341 326 258 220

Route 32: 254 261 233 256 243 239 248 279 393 249

Route 33: 301 280 235 281 306 263 276 371 316 363 353

Route 34: 287 345 271 390 305 399 291 299

Route 35: 298 284 294 296 295 293 313 315 344 349

Route 36: 303 307 302 325 368

Route 37: 310 312 327 304 319 323 339 394 378 340 364

Route 38: 322 317 314 328 321 374 382

Route 39: 332 334 330 337 336

Route 40: 335 338 333 359 355 352 397 358

Route 41: 343 348 351 356 346 347 376

Route 42: 357 361 377 395 372

Route 43: 360 362 369 370 367 391

Route 44: 366 381 365 379 386

Route 45: 375 373

Route 46: 380 389 383 384

Route 47: 385 392 388 396

Route 48: 387 398

Vehicles: 48

Distance: 19600.34

