Route 1: 5 2 1 26 7 22 19 18 14 4 3 58 6 11 116 41 42 8 12 43 36 9 20 31 48 40 131 164 70

Route 2: 75 37 44 117 106 103 73 97 60 121 141 122 186 160 159 125 47 32 123 13 10 15 38 27 16 88 266 72 76 138 294 238

Route 3: 49 21 53 57 30 34 45 23 29 28 297 205 39 25 46 17 24 102 77 132 108 181 74 33 65 35 91 79 96 99

Route 4: 51 62 110 105 64 84 95 113 50 83 80 54 104 67 87 100 59 119 92 66 61 52 81 126 82 322 305

Route 5: 201 147 146 163 118 86 69 93 152 185 251 279 332 311 68 89 128 78 107 90 85 55 63 56 71 286 109

Route 6: 115 137 127 144 191 129 167 114 101 94 112 140 120 133 124 136 135 134 209 130 98 111 168 156 142 198 143 155

Route 7: 150 151 158 154 145 215 196 190 264 139 149 157 202 204 165 179 148 249 174 240 189 153 207 303 376 161 326 368 344 318 259 162

Route 8: 195 166 170 177 193 187 199 178 180 172 169 400 304 384 173 358 338 220 228 236 230 244 233 302 221 320 371 362 216

Route 9: 218 206 175 192 300 292 188 171 210 197 258 241 208 231 232 184 291 327 217 336 301 363 246 270 280 176

Route 10: 245 239 211 219 269 271 213 255 182 203 224 194 278 229 200 183 256 248 254 253 328 265 257 276 288 282 331 285 312

Route 11: 222 225 290 356 321 298 287 227 235 263 212 250 237 260 281 214 226 223 273 261 277 234 243 247 252 242

Route 12: 325 323 262 307 352 275 284 272 274 283 310 268 299 306 267 308 296 314 317 289 378

Route 13: 383 341 343 329 333 324 313 293 315 295 309 337 334 339 316 319 330 367 342 345 366 340

Route 14: 361 373 335 350 349 360 389 386 380 365 379 382 369

Route 15: 375 347 346 377 387 374 348 355 351 393 381 390

Route 16: 372 385 399 370 357 354 353 359 391 392 364

Route 17: 388 398 397 395 394 396

Vehicles: 17

Distance: 13562.51

