Route 1: 62 1 5 21 3

Route 2: 31 7 9 8 6 4 20

Route 3: 16 12 11 10 152 13 15 76 311 241

Route 4: 44 17 26 18 14 30

Route 5: 24 63 23 70 25 22 27 28

Route 6: 33 32 38 36 37 35 34 224 41

Route 7: 49 39 315 43 346 45 75 104

Route 8: 54 56 57 48 46 60 122 313 86

Route 9: 52 51 58 55 50 53 59 253

Route 10: 64 29 61 110 138 170 98 234 240

Route 11: 83 66 19 65 67 107 91 89 166 158

Route 12: 72 74 69 71 68 113 178 84 197

Route 13: 77 73 85 95 90 175

Route 14: 80 82 78 125 81 79 164 367

Route 15: 92 88 87 116 111 127 96 264 276 142

Route 16: 94 97 99 93 295 120 134

Route 17: 112 101 102 100 145 318 106 297 329 163

Route 18: 109 105 108 171 192 128 239 132

Route 19: 115 117 114 129 124 118 183 123 119 228

Route 20: 126 139 133 121 173 161 131 137 130 372

Route 21: 149 140 136 135 169 177 219

Route 22: 141 150 144 143 215 147 153 176 258

Route 23: 151 154 148 146 268 288 327

Route 24: 156 160 155 247 320 168 162 283 289 227

Route 25: 340 159 167 157 196 184

Route 26: 174 179 172 187 200 207 232

Route 27: 181 180 185 191 349 344

Route 28: 186 218 182 188 225 246 230

Route 29: 199 193 394 190 223 211

Route 30: 198 195 194 201 245 242 259

Route 31: 269 208 203 214 202 204 220 205

Route 32: 217 209 213 210 206 317

Route 33: 216 221 237 212 299 243 249

Route 34: 226 222 229 254 251

Route 35: 265 233 273 238 260

Route 36: 236 252 235 263 256 261

Route 37: 280 255 257 248 244 345 250

Route 38: 267 266 262 355 272 281 384

Route 39: 390 271 270 293 282 352 40

Route 40: 278 279 277 274 369 275

Route 41: 286 334 285 284 294 103

Route 42: 290 287 291 314 302 300

Route 43: 292 301 298 296 338 307 316

Route 44: 303 47 305 304 312 323 42

Route 45: 331 308 310 319 309 306 377 347 376

Route 46: 326 324 322 351 325 368

Route 47: 332 330 333 328 363 353

Route 48: 339 335 337 341 336

Route 49: 165 343 348 342 350

Route 50: 358 231 354 356 359

Route 51: 360 357 361 379

Route 52: 364 362 365 378 391

Route 53: 370 366 392

Route 54: 373 371 388

Route 55: 375 380 389 374 396 382 383

Route 56: 385 381 387 386 321

Route 57: 189 393 399

Route 58: 397 395 398 400 2

Vehicles: 58

Distance: 25571.21

