Route 1: 211 526 178 26 14 23 24 27 13 2 6 5 21 22 12 9 80 89 298 146 339 248 18 4 94 58 69 61 10 11 8 29 31 3 557 220 291 59 15 48 78 7 32 19 290 366 45 93 1

Route 2: 127 44 134 79 47 66 173 36 67 63 55 28 62 52 137 53 46 71 54 49 17 16 38 74 113 50 108 107 85 125 257 233 410 554 384 20 158 392 232 177 196 203 40 82 572 424 171 388 116 151 578 335 34 157 259 336 35 135 241

Route 3: 487 37 214 346 453 96 492 420 163 90 33 112 81 128 56 75 42 65 30 25 39 51 41 489 129 95 584 466 435 475 70 195 64 272 316 126 190 356 57 117 179 98 115 119 273 216 180 315 312 506 261 478 460 73 370 208 43 230

Route 4: 199 103 391 297 149 222 347 256 299 296 76 102 83 168 152 124 114 145 97 217 144 131 68 86 91 60 84 72 101 486 236 105 251 499 345 92 229 544 304 421 305 360 223 278 159 111 209 207 509 513 277 457 99

Route 5: 260 245 174 202 186 234 100 104 138 123 88 77 106 120 247 109 110 153 139 141 150 118 219 432 282 204 156 361 447 227 378 193 353 148 402 338 200 574 300 462 314 182 342 523 285 169 595 286 250 249 351 439 303 185 136 87

Route 6: 332 267 275 349 140 132 266 301 161 441 181 167 154 321 164 162 143 198 133 160 147 122 166 155 192 165 176 130 121 183 444 537 532 279 368 142 225

Route 7: 438 363 231 568 425 379 354 383 518 476 276 326 343 283 358 382 188 243 253 184 189 175 213 215 197 172 329 191 201 206 170 242 334 254 401 324 408 270 294 395 386 239 228

Route 8: 440 289 240 226 394 269 288 212 258 224 235 221 252 238 194 210 218 187 525 292 264 337 534 465 377 433 477 322 381 205 255

Route 9: 293 418 535 416 341 580 325 521 263 333 280 281 284 246 274 271 244 287 237 262 308 265 431 369 406 517 268 429 585

Route 10: 448 508 569 451 385 599 344 390 309 331 340 350 387 411 328 306 310 302 295 311 330 397 318 597 496 561 320 571 405 442 319 481 359 472 579

Route 11: 348 352 364 455 593 327 414 323 313 367 362 357 365 355 307 372 473 461 371 376 374 470 317 380 412 563

Route 12: 547 566 488 375 512 586 409 530 400 393 396 404 407 403 423 427 419 436 428 437 413 463 389 399 398 459 373 581 417 469 587 449 415 495

Route 13: 434 452 479 426 445 422 430 443 446 482 567 511 450 516 467 501 500 468

Route 14: 485 456 454 483 480 474 543 522 493 471 514 458 559 464 533 528 519 507 549

Route 15: 505 520 497 510 490 524 484 491 502 498 503 494 527 504 556 576 583 542 588

Route 16: 551 596 529 536 550 600 564 538 546 515 531 539 573

Route 17: 560 565 552 562 555 553 570 541 545 548 592 540 582 558

Route 18: 598 594 590 577 589 591 575

Vehicles: 18

Distance: 24541.25

