Route 1: 13 39 10 1 25 5 12 6 283 137 66 92 169 3

Route 2: 4 2 26 20 29 19 160 7 44 15 17 259

Route 3: 31 57 27 18 41 360 14 40 8 9 11 22

Route 4: 104 24 386 28 34 21 55 35 23 16 56 50

Route 5: 71 38 37 73 43 30 32 36 33 352

Route 6: 60 59 45 42 63 52 47 61 48 53 46

Route 7: 75 58 88 64 51 79 62 81 87 49 54

Route 8: 78 77 94 100 65 82 125 85 98 70 80

Route 9: 356 127 97 90 69 67 72 68 103 83

Route 10: 101 86 84 105 74 89 134 76 91 114

Route 11: 118 132 99 95 120 115 143 96 102 93 113 106 203

Route 12: 128 176 184 152 108 308 107 131 220 111 116 172 109

Route 13: 302 139 230 110 121 168 140 112 117 133

Route 14: 167 150 170 130 155 122 153 123 119 237

Route 15: 229 177 146 136 129 173 149 126 180 124

Route 16: 162 174 151 178 188 204 147 241 164 135 163

Route 17: 145 480 192 159 156 157 148 165 144 138 158 161

Route 18: 424 210 199 179 202 183 171 402 154 142 141 186

Route 19: 189 375 175 187 190 182 198 166 185 181 194

Route 20: 207 201 195 205 212 213 209 236 304 191 206

Route 21: 261 234 196 215 208 197 200 193 225

Route 22: 239 233 218 243 221 219 211 248

Route 23: 217 226 252 223 216 270 227 251 553 214 240 222

Route 24: 256 228 246 224 231 280 265 268 232 257

Route 25: 263 245 320 274 244 235 273 277 271 310 364

Route 26: 266 264 249 328 238 242 275 292 262 247 434 415 272

Route 27: 260 287 258 253 250 255 285 281 279 254 348

Route 28: 267 282 291 284 357 297 286 288 269

Route 29: 315 298 278 313 295 276 405 396 294 311

Route 30: 289 312 330 321 290 299 306 337 333 412 362 309

Route 31: 303 368 383 300 293 371 479 305 456 349 397 307 436

Route 32: 338 377 318 301 296 314 319 512 427 370

Route 33: 322 329 325 317 332 316 331 340 406 323

Route 34: 336 347 376 326 327 324 346 350 345

Route 35: 413 354 343 385 381 334 373 344 365 372 366

Route 36: 451 546 422 339 379 335 355 409 407 351 465 369

Route 37: 403 384 393 440 425 341 390 342 353

Route 38: 411 429 378 399 392 367 361 363 358 404 463 359

Route 39: 423 443 445 408 387 400 374 473 391 442

Route 40: 414 421 410 453 428 389 430 380 382 432 388

Route 41: 398 395 401 394 441 467 417

Route 42: 418 419 416 444 438 420 454 426 592 493 452 566

Route 43: 455 435 431 446 475 433 478

Route 44: 439 477 469 449 492 437 464 450 458 459 505

Route 45: 457 539 529 466 462 447 494 448 501 474

Route 46: 487 509 482 484 460 485 497 507 483 470

Route 47: 526 486 527 468 525 461 488 532 567

Route 48: 508 504 481 489 491 471 472 511 510 476 498

Route 49: 556 502 584 534 500 490 549 583 499 523 496 495

Route 50: 581 514 506 531 596 513 548 561 503 559 524

Route 51: 515 551 528 518 520 541 590 516 522

Route 52: 533 540 530 555 569 519 517 572 557 578 521

Route 53: 570 579 564 558 535 565 568 576 536 554 587

Route 54: 550 537 547 552 580 545 560 538

Route 55: 563 574 589 542 573 597 544 571 543 562 575

Route 56: 586 588 582 585 577 591

Route 57: 595 598 600 593 594

Route 58: 599

Vehicles: 58

Distance: 43967.49

