Route 1: 485 493 1 194 67 94 2 68 418 105 100 202 87 88 153 136 23 111 26 52 246 6 97 106 51 107 116 28 104 151 169 86 510 59 306 34 83 62 3 89 305 61 557 41 186 60 55 9 128 234 29 513 212 14 238 461 303 683 300 7 57

Route 2: 16 222 399 403 12 291 407 27 352 255 11 207 15 428 390 370 65 10 63 4 33 48 271 21 78 181 337 167 193 147 125 123 99 98 342 308 110 249 114 263 19 310 36 401 81 191 32 227 30 284 8 77 124 38 53 45 95 145 164 219 5 31 74 71 161

Route 3: 381 451 440 282 216 76 405 58 210 176 394 333 117 37 112 148 49 108 22 143 118 79 39 24 64 35 205 177 13 20 174 17 18 90 334 163 345 156 379 122 96 70 25 137 91 132 66 252 135 85 324 166 229 230 113 159 681 47

Route 4: 452 279 44 127 290 384 80 698 391 474 50 280 40 92 356 364 430 109 406 281 313 250 256 102 170 72 375 197 243 213 149 387 162 121 73 258 318 294 43 75 441 133 175 134 539 360 200 69 353 190 42 54 152 385 396 179 251 400 46 103

Route 5: 144 180 236 225 182 172 416 115 235 341 269 196 426 491 119 415 262 130 499 160 388 187 84 283 332 140 93 101 253 367 412 546 226 141 82 287 358 220 158 146 183 259 154 208 56 278 453 339 427 199 378 185 157 171 293 209 221

Route 6: 273 139 192 288 393 275 373 329 455 442 126 188 470 509 327 350 142 425 447 120 299 386 150 448 348 483 347 365 372 541 476 302 270 195 173 515 155 423 312 276 314 395 240 368 242 129 343 138 244 131 371 436 531

Route 7: 559 344 618 218 508 566 587 525 619 231 326 656 289 443 612 168 254 573 319 189 556 320 456 444 502 301 697 422 383 437 389 397 449 298 478 245 241 355 472 516 392 645 570 257 311 198 285 206 204 165 203 178 239 223 201

Route 8: 584 233 521 248 315 482 475 419 581 650 588 714 685 380 211 361 336 232 628 528 295 349 471 487 500 529 665 621 615 292 504 265 330 410 214 549 479 184 247 458 217 260 468 450 316 277 215 328 579

Route 9: 520 526 585 297 414 463 558 522 369 492 670 309 622 606 457 576 495 317 644 534 489 477 224 374 523 692 540 730 264 480 617 613 411 228 321 446 413 503 564 346 261 435 545 460 691 286 323 296 464 377 672 382 272 307 404 571 237

Route 10: 497 505 459 729 597 304 577 465 498 548 335 340 267 420 433 439 354 708 408 363 322 535 338 530 542 769 488 583 421 434 473 593 511 438 636 629 351 454 634 366 517 620 268 359 484 357 274 376 362 266 723 325 569 331

Route 11: 684 512 604 771 575 591 552 527 533 721 668 679 688 677 639 640 424 486 600 649 648 682 543 494 506 586 637 519 402 674 686 635 469 567 676 594 409 659 532 657 660 537 687 445 467 398 431 646 524 466 560 631 638 501

Route 12: 749 722 658 616 733 582 719 752 748 727 706 699 574 572 689 663 599 632 664 768 693 740 550 554 547 565 417 747 514 605 462 603 551 429 496 756 725 627 432

Route 13: 592 788 536 643 633 578 789 710 651 705 704 753 490 630 654 538 754 563 666 568 518 561 761 743 751 624 781 562 481 507 555 544 642 589 598 580 611 553 609

Route 14: 614 712 720 678 602 673 758 661 774 736 601 702 690 675 671 737 610 746 595 717 680 590 750 608 742 596 626 607 790 775 703

Route 15: 653 623 772 695 794 641 724 625 762 707 655 786 652 647 669 701 662 791 667

Route 16: 711 734 773 715 732 798 718 728 764 694 765 700 735 726 696 760 716 713 741 709 731 783 759

Route 17: 755 777 770 739 795 738 744 763

Route 18: 785 782 792 767 757 793 776 766 780 745

Route 19: 784 797 779 778 787 796

Route 20: 800 799

Vehicles: 20

Distance: 53801.38

