Route 1: 78 185 8 10 1 381 22 15 114 2 146 208

Route 2: 402 31 67 3 54 19 40 7 52 27 126 33

Route 3: 5 319 4 108 753 286 39 6 91

Route 4: 97 111 83 98 275 21 393 43 55 14 32 9 74

Route 5: 26 164 75 18 228 229 385 11 72 56 29

Route 6: 16 51 92 13 79 12 175 119 330 28 144

Route 7: 183 61 85 365 47 35 30 781 20 17 58 94

Route 8: 65 45 44 87 24 57 23 231 34 121

Route 9: 81 215 63 41 84 25 122 106 66 241 150

Route 10: 37 64 69 133 152 103 36 95 62 391 90

Route 11: 50 116 670 48 38 46 42 142 149 53 60 49

Route 12: 68 82 225 59 180 140 77 435 70 301

Route 13: 296 187 242 73 141 237 333 71 139 117 162

Route 14: 80 184 100 110 353 130 159 76 86 113 131 224

Route 15: 220 101 88 736 89 190 93 226 352 635

Route 16: 115 96 171 104 234 154 105 123 197 102 221 338

Route 17: 339 158 128 716 99 127 549 112 321 107 195

Route 18: 783 120 157 264 155 109 118 346 134 619

Route 19: 137 163 500 124 179 167 243 762 132 246 153 414 436 467

Route 20: 239 143 201 551 161 390 125 176 462 173 129

Route 21: 204 148 177 261 223 310 135 726 172 168 169

Route 22: 138 145 192 151 136 364 252 282 548 592 219 182

Route 23: 388 511 165 147 437 434 193 160 156 654 285 207

Route 24: 446 170 320 178 166 174 695 729 199 202 525

Route 25: 211 323 276 377 245 181 277 374 186 191 572 349

Route 26: 209 196 367 188 324 206 236

Route 27: 230 233 761 363 189 200 194 203 526 407 214 443 288 304

Route 28: 303 292 354 491 205 213 227 322 198 389 327 210 412

Route 29: 247 487 733 305 253 216 212 238 332 279

Route 30: 315 309 360 291 217 222 254 398 438 298 287

Route 31: 265 293 722 344 300 218 249 387 294

Route 32: 302 248 244 251 457 420 273 232 267 274

Route 33: 335 396 427 268 380 235 240 250

Route 34: 439 404 281 445 715 255 258 666 362

Route 35: 351 284 539 260 256 587 312 369 257 368 630 350 337

Route 36: 431 343 422 657 613 577 259 269 271 555 329

Route 37: 382 355 418 272 290 289 295 373 262 307 564

Route 38: 266 270 706 263 400 490 283 397 468 314

Route 39: 297 334 342 341 280 278 406 308 299 366 313

Route 40: 430 394 417 318 686 340 306 608 370 411 317 371

Route 41: 409 585 465 326 593 358 594 311 401 336 464 444

Route 42: 357 645 375 497 413 347 649 316 356

Route 43: 408 331 477 345 372 325 328 392 348 416

Route 44: 384 590 778 359 383 361 516 664 424

Route 45: 419 513 605 565 442 546 376 512 701 517

Route 46: 386 494 472 648 378 379 450 410 425 787

Route 47: 463 538 399 395 403 483

Route 48: 415 637 421 405 453 441 455 626 469 746

Route 49: 456 685 634 580 678 423 428 485 454 495

Route 50: 426 452 796 448 449 503 480 669 510 534 482

Route 51: 433 627 655 471 429 473 689 440 755 451 621 458

Route 52: 481 432 533 492 447 535 478 702 479 600

Route 53: 461 531 470 459 498 460

Route 54: 475 652 536 474 566 544 466 575 612

Route 55: 504 639 506 502 476 675 507 509 629 541

Route 56: 518 530 611 484 560 529 561

Route 57: 493 499 557 508 711 486 610 489 524 528 505 596

Route 58: 515 647 501 496 750 665 488 597 514 599

Route 59: 532 519 543 550 660 642 569

Route 60: 527 521 618 520 734 547 522 601 614 683 771

Route 61: 537 545 540 687 523 616 556 581 591 667 632

Route 62: 553 643 749 542 795 628 663 552 595

Route 63: 554 598 788 735 558 563

Route 64: 559 604 770 567 562 623 656 579

Route 65: 568 779 672 571 615 603 584 784 586

Route 66: 576 644 573 570 574

Route 67: 578 606 589 640 650 620 582 583 710

Route 68: 588 680 646 712 638 688 785 786

Route 69: 602 732 708 617 679 631 691 633 641

Route 70: 765 659 607 653 700 622 677 692 609

Route 71: 624 780 674 625 764 673

Route 72: 636 661 754 681 776 651 737

Route 73: 658 694 721 682 738 662 719

Route 74: 668 720 768 739 671 698

Route 75: 676 724 703 744 731 800 705

Route 76: 725 684 766 742 690 797 709

Route 77: 693 748 723 752 697 718 707 714 728

Route 78: 696 699 793 730

Route 79: 704 789 777

Route 80: 713 799 759

Route 81: 717 774

Route 82: 727

Route 83: 775 740 741 772 763 757 745 743

Route 84: 747 760 767 794

Route 85: 751 790 791 769 792 756

Route 86: 758 782

Route 87: 773

Route 88: 798

Vehicles: 88

Distance: 68551.33

