Route 1: 7 5 1 2 94 602

Route 2: 6 3 16 31 4 22

Route 3: 8 20 9 10

Route 4: 27 13 21 11 29 26 591 525

Route 5: 14 15 12 69 273

Route 6: 34 28 17 36 19 708 513 18

Route 7: 25 33 30 43 23 50 261 136 166

Route 8: 38 41 87 57 24 65 66 35 227 171

Route 9: 74 40 32 37 60 152

Route 10: 46 42 39 154 296 67

Route 11: 44 55 90 112 47 54 238

Route 12: 45 48 59 610 167 52

Route 13: 49 56 51 61 242 754 386 118 325

Route 14: 68 53 58 473 337 182 340

Route 15: 79 64 63 89 62 231

Route 16: 88 98 70 73 119 172

Route 17: 72 71 77 142 413 82 97 105 151

Route 18: 115 123 78 75 102 170 76

Route 19: 83 81 95 80 428 236

Route 20: 713 150 91 85 84 86 104

Route 21: 132 92 93 101 96 130 228

Route 22: 174 278 99 100 110 144 275

Route 23: 159 117 168 103 113 111

Route 24: 329 134 106 107 121 135

Route 25: 556 109 122 108 124 366

Route 26: 129 120 116 114 240 146 717 419

Route 27: 138 125 128 157 326 224

Route 28: 126 127 220 219 177 324 156 361 385

Route 29: 145 133 131 139 359 281 183 200

Route 30: 137 141 143 478 605 266 403

Route 31: 140 149 158 241 205 160 317 697

Route 32: 193 147 173 148 306 165

Route 33: 155 153

Route 34: 162 161 463 181 175 204

Route 35: 176 163 187 178 214 671 669

Route 36: 441 164 169 190 294 272 286 646

Route 37: 180 179 184 248 354 282 189 194

Route 38: 191 185 186 232 234

Route 39: 304 195 188 192 448 287 472 210

Route 40: 595 199 237 196 198 283

Route 41: 335 197 206 258 208

Route 42: 269 201 221 207 408 246 202 376

Route 43: 211 225 293 203 401 444 239

Route 44: 226 209 213 262 215 322 537 230 474 490 229

Route 45: 222 212 216 223 267 244

Route 46: 217 235 218 404 250 432 260 411 407

Route 47: 233 243 251 515 252 367 426

Route 48: 249 245 253 532

Route 49: 254 247 312 271 330 618

Route 50: 255 265 437 382 363

Route 51: 538 256 259 307 395 311

Route 52: 277 257 264 263 270 285 301

Route 53: 418 276 268 274

Route 54: 352 364 279 284 292 318 355 742

Route 55: 370 299 280 624 289 680 371

Route 56: 291 290 300 288 518 360 425 392

Route 57: 297 302 295 303 358 365 309 344 348

Route 58: 308 298

Route 59: 319 320 310 305 323 406

Route 60: 377 314 313 547 351 399 745 373

Route 61: 369 316 315 753 350

Route 62: 511 321 339 429 334 440

Route 63: 658 546 716 338 327 629 331 357

Route 64: 489 333 328 356 332 502

Route 65: 379 341 336 585

Route 66: 343 342 345 476 459

Route 67: 347 346 412 422 416

Route 68: 368 349 353 394

Route 69: 375 362 466 420 499 443 580

Route 70: 400 397 374 372 405 589 414

Route 71: 384 378 389 380 402

Route 72: 616 434 381 415 539 526 396 456 563

Route 73: 398 388 390 383 409 650 554 387 541

Route 74: 439 424 391 393 604

Route 75: 446 417 445 410 438 464 458

Route 76: 421 427 423 582 586 795 689

Route 77: 433 430 454 455 431 460

Route 78: 436 442 435 465 579

Route 79: 452 451 449 447 450 575 596

Route 80: 461 453 510 484 486 542

Route 81: 479 457 467 597

Route 82: 471 468 462 481 475 766 699

Route 83: 469 494 524 587 578

Route 84: 487 470 504 483 507 480 485 540 482

Route 85: 491 477 528 531 550 497

Route 86: 492 488 523 495 592 686 657

Route 87: 493 509 506 500 569

Route 88: 501 496 498 660 707 774

Route 89: 505 503 637 555 512 648 548

Route 90: 520 508 606 514 659 551 760

Route 91: 776 516 519 522 588 566 529 534

Route 92: 536 517 521 568

Route 93: 561 527 533 567 552 643

Route 94: 530 560 535 557 581 756

Route 95: 544 543 667 688

Route 96: 545 549 553 747

Route 97: 574 576 558 570 653

Route 98: 573 559 572 772

Route 99: 590 571 562 564 712

Route 100: 577 644 565 649 607

Route 101: 593 583 670 678 611 633 728 599 634

Route 102: 617 594 584 613 621 719

Route 103: 661 598 603 793

Route 104: 615 601 600 636 609 685

Route 105: 620 608 752 692 652 734

Route 106: 612 622 647 623

Route 107: 626 619 614 639 730 735

Route 108: 656 625 628 640 638

Route 109: 664 627 632 630 709 778 701

Route 110: 641 635 631

Route 111: 642 662 654 720 684 731

Route 112: 645 651 748 704

Route 113: 714 663 665 655 666

Route 114: 672 668 783

Route 115: 673 687 682 679 677

Route 116: 738 674 718 694 715

Route 117: 706 690 675 725

Route 118: 676 696 702

Route 119: 695 681 703 746 693 683 724 721

Route 120: 723 691 733 749

Route 121: 722 698 700 711 705

Route 122: 732 710 729

Route 123: 736 726 773 767 751 780

Route 124: 750 737 727 775 758 739

Route 125: 744 740 791 792 755

Route 126: 743 741 759

Route 127: 757 770 769 781

Route 128: 779 761 765 768

Route 129: 762 763 787 784

Route 130: 764 771 790

Route 131: 777 785 782

Route 132: 786 789 799

Route 133: 796 788

Route 134: 794 800 798

Route 135: 797

Vehicles: 135

Distance: 77700.76

